# - Happy, Sad, Mischievous or Mad - #
# Training data (300 images)
# Correct classifications can be found in training-facit.txt
# http://www8.cs.umu.se/kurser/5DV121/HT12/

Image1
0 3 3 3 3 0 1 0 31 31 25 0 0 2 12 3 0 0 3 4
4 1 9 0 0 0 0 0 0 31 31 31 4 2 0 0 0 0 0 2
0 7 0 0 0 6 1 2 4 0 31 31 29 1 0 0 0 0 6 0
0 8 31 5 0 0 0 0 7 8 0 31 31 31 6 0 0 0 0 0

0 29 31 3 7 0 6 9 6 3 3 2 31 31 31 18 0 10 0 9

3 9 31 26 5 0    4 1 0 2 9 0 5 31 21 4 0 1 2 0
2 0 31 31 4 0 3 0 0 6 3 0 1 0 0 3 0 0 6 1

0 13 31 31 8 2     1 0 0 3 8 10 1 4 0 1 0 5 0 0

0 0 31 31 1 3 10 2 4 0 5 0 6 0 0 2 0 4 0 4
8 3 21 31 0 0 5 10 0 0 7 0 0 3 2 2 0 1 0 6

1 6 0 31 21 8 6 0 6 10 3 4 0 5 0 8 8 14 9 7

0 5 0 24 8 2 0 0 0 0 0 9 2 9 9 9 6 0 10 19
0 0 8 1 0 0 0              0 4 5 14 4 14 22 0 6 0 0 6 1
0 2 0 0 0 0 7 5 11 7 7 0 9 3 3 3 0 0 9 5
1 0 0 0 4 0 1 7 13 5 2 0 13 2 6 2 0 9 0 0
3 0 11 0 8 0 8 6 2 0 4 0 3 0 1 0 8 2 0 0
7 0 0 4 0 3 4 3 3 0 3 0 8 5 5 0 0 0 1 0
3 4 0 0 0 13 9 8 0 7 2 0 7 2 0 0 2 4 7 10
0 1 0 4 0 12 4 0 0 0 0 0 0 6 0 8 0 0 8 0
0 0 0 9 3 2 23 0 0 0 1 0 1 6 0 6 3 0 0 6

# LOOLOOLOL

Image2
1 3 3 7 3 0 1 0 31 31 25 0 0 2 12 3 0 0 3 4
4 1 9 0 0 0 0 0 0 31 31 31 4 2 0 0 0 0 0 2
0 7 0 0 0 6 1 2 4 0 31 31 29 1 0 0 0 0 6 0
0 8 31 5 0 0 0 0 7 8 0 31 31 31 6 0 0 0 0 0

0 29 31 3 7 0 6 9 6 3 3 2 31 31 31 18 0 10 0 9

3 9 31 26 5 0    4 1 0 2 9 0 5 31 21 4 0 1 2 0
2 0 31 31 4 0 3 0 0 6 3 0 1 0 0 3 0 0 6 1

0 13 31 31 8 2     1 0 0 3 8 10 1 4 0 1 0 5 0 0

0 0 31 31 1 3 10 2 4 0 5 0 6 0 0 2 0 4 0 4
8 3 21 31 0 0 5 10 0 0 7 0 0 3 2 2 0 1 0 6

1 6 0 31 21 8 6 0 6 10 3 4 0 5 0 8 8 14 9 7

0 5 0 24 8 2 0 0 0 0 0 9 2 9 9 9 6 0 10 19
0 0 8 1 0 0 0              0 4 5 14 4 14 22 0 6 0 0 6 1
0 2 0 0 0 0 7 5 11 7 7 0 9 3 3 3 0 0 9 5
1 0 0 0 4 0 1 7 13 5 2 0 13 2 6 2 0 9 0 0
3 0 11 0 8 0 8 6 2 0 4 0 3 0 1 0 8 2 0 0
7 0 0 4 0 3 4 3 3 0 3 0 8 5 5 0 0 0 1 0
3 4 0 0 0 13 9 8 0 7 2 0 7 2 0 0 2 4 7 10
0 1 0 4 0 12 4 0 0 0 0 0 0 6 0 8 0 0 8 0
0 0 0 9 3 2 23 0 0 0 1 0 1 6 0 6 1 3   3   7